opponent,episode,p0,p1,p2,p3
single_only,500,0.4275,0.147,0.2295,0.196
max_combo,500,0.219,0.2055,0.2425,0.333
random2,500,0.22,0.257,0.272,0.251
v_table,500,0.151,0.135,0.2035,0.5105
single_only,1000,0.4165,0.1495,0.2485,0.1855
max_combo,1000,0.2925,0.2125,0.207,0.288
random2,1000,0.3175,0.262,0.2185,0.202
v_table,1000,0.214,0.1815,0.1975,0.407
single_only,1500,0.5865,0.0955,0.1775,0.1405
max_combo,1500,0.3555,0.204,0.21,0.2305
random2,1500,0.3915,0.2295,0.2065,0.1725
v_table,1500,0.2535,0.1925,0.179,0.375
single_only,2000,0.536,0.124,0.2125,0.1275
max_combo,2000,0.33,0.2235,0.222,0.2245
random2,2000,0.4005,0.2505,0.2135,0.1355
v_table,2000,0.229,0.218,0.179,0.374
single_only,2500,0.6115,0.121,0.1755,0.092
max_combo,2500,0.375,0.234,0.202,0.189
random2,2500,0.412,0.279,0.1965,0.1125
v_table,2500,0.237,0.1975,0.218,0.3475
single_only,3000,0.6235,0.135,0.1535,0.088
max_combo,3000,0.354,0.2445,0.194,0.2075
random2,3000,0.409,0.2725,0.1945,0.124
v_table,3000,0.26,0.227,0.1975,0.3155
single_only,3500,0.6605,0.106,0.147,0.0865
max_combo,3500,0.3615,0.253,0.1905,0.195
random2,3500,0.4235,0.2835,0.1895,0.1035
v_table,3500,0.2615,0.233,0.193,0.3125
single_only,4000,0.6415,0.1245,0.16,0.074
max_combo,4000,0.37,0.2425,0.208,0.1795
random2,4000,0.431,0.281,0.1955,0.0925
v_table,4000,0.249,0.2365,0.1965,0.318
single_only,4500,0.6515,0.121,0.1525,0.075
max_combo,4500,0.385,0.249,0.19,0.176
random2,4500,0.4095,0.3135,0.186,0.091
v_table,4500,0.249,0.2245,0.2015,0.325
single_only,5000,0.6425,0.1385,0.154,0.065
max_combo,5000,0.3775,0.2365,0.212,0.174
random2,5000,0.403,0.284,0.2065,0.1065
v_table,5000,0.2425,0.225,0.2015,0.331
single_only,5500,0.6325,0.143,0.162,0.0625
max_combo,5500,0.3735,0.2355,0.218,0.173
random2,5500,0.4475,0.2775,0.193,0.082
v_table,5500,0.228,0.23,0.215,0.327
single_only,6000,0.5975,0.1555,0.181,0.066
max_combo,6000,0.343,0.2495,0.2315,0.176
random2,6000,0.4215,0.3095,0.1815,0.0875
v_table,6000,0.241,0.2365,0.216,0.3065
single_only,6500,0.6155,0.1395,0.1725,0.0725
max_combo,6500,0.3675,0.256,0.203,0.1735
random2,6500,0.428,0.3065,0.191,0.0745
v_table,6500,0.2315,0.243,0.2065,0.319
single_only,7000,0.5655,0.173,0.187,0.0745
max_combo,7000,0.354,0.254,0.2175,0.1745
random2,7000,0.4065,0.2955,0.2005,0.0975
v_table,7000,0.2335,0.2315,0.232,0.303
single_only,7500,0.5975,0.155,0.163,0.0845
max_combo,7500,0.358,0.246,0.235,0.161
random2,7500,0.436,0.3045,0.182,0.0775
v_table,7500,0.231,0.238,0.2275,0.3035
single_only,8000,0.5785,0.1665,0.1785,0.0765
max_combo,8000,0.3545,0.2435,0.2235,0.1785
random2,8000,0.432,0.2945,0.1975,0.076
v_table,8000,0.24,0.2235,0.216,0.3205
single_only,8500,0.6145,0.1325,0.173,0.08
max_combo,8500,0.3735,0.249,0.218,0.1595
random2,8500,0.424,0.2985,0.189,0.0885
v_table,8500,0.246,0.242,0.221,0.291
single_only,9000,0.604,0.1395,0.1635,0.093
max_combo,9000,0.3545,0.2575,0.2265,0.1615
random2,9000,0.4365,0.302,0.185,0.0765
v_table,9000,0.2295,0.2435,0.23,0.297
single_only,9500,0.614,0.147,0.157,0.082
max_combo,9500,0.3575,0.254,0.22,0.1685
random2,9500,0.4215,0.306,0.19,0.0825
v_table,9500,0.241,0.2345,0.2235,0.301
single_only,10000,0.61,0.133,0.176,0.081
max_combo,10000,0.3725,0.257,0.2125,0.158
random2,10000,0.4275,0.2935,0.2005,0.0785
v_table,10000,0.224,0.251,0.231,0.294
single_only,10500,0.611,0.148,0.169,0.072
max_combo,10500,0.3805,0.2335,0.22,0.166
random2,10500,0.4365,0.299,0.186,0.0785
v_table,10500,0.249,0.241,0.2305,0.2795
single_only,11000,0.6045,0.152,0.1705,0.073
max_combo,11000,0.375,0.225,0.2335,0.1665
random2,11000,0.4335,0.294,0.1855,0.087
v_table,11000,0.246,0.236,0.2185,0.2995
single_only,11500,0.5955,0.162,0.172,0.0705
max_combo,11500,0.3615,0.2455,0.2155,0.1775
random2,11500,0.404,0.3305,0.194,0.0715
v_table,11500,0.234,0.2355,0.23,0.3005
single_only,12000,0.6275,0.1495,0.1465,0.0765
max_combo,12000,0.3665,0.258,0.2145,0.161
random2,12000,0.4135,0.31,0.2005,0.076
v_table,12000,0.2365,0.26,0.223,0.2805
single_only,12500,0.61,0.1555,0.1575,0.077
max_combo,12500,0.4,0.236,0.203,0.161
random2,12500,0.4305,0.312,0.1815,0.076
v_table,12500,0.2355,0.2505,0.2305,0.2835
single_only,13000,0.6025,0.1465,0.1705,0.0805
max_combo,13000,0.3805,0.2495,0.2085,0.1615
random2,13000,0.4425,0.2955,0.1885,0.0735
v_table,13000,0.2395,0.2375,0.204,0.319
single_only,13500,0.5735,0.1605,0.1875,0.0785
max_combo,13500,0.3645,0.2525,0.213,0.17
random2,13500,0.439,0.2975,0.1925,0.071
v_table,13500,0.235,0.2415,0.2325,0.291
single_only,14000,0.613,0.152,0.162,0.073
max_combo,14000,0.3555,0.247,0.238,0.1595
random2,14000,0.4265,0.292,0.204,0.0775
v_table,14000,0.251,0.239,0.2335,0.2765
single_only,14500,0.592,0.16,0.1675,0.0805
max_combo,14500,0.359,0.267,0.233,0.141
random2,14500,0.426,0.3065,0.1945,0.073
v_table,14500,0.234,0.2475,0.2395,0.279
single_only,15000,0.599,0.159,0.1615,0.0805
max_combo,15000,0.3725,0.245,0.229,0.1535
random2,15000,0.414,0.3215,0.187,0.0775
v_table,15000,0.2265,0.2505,0.235,0.288
single_only,15500,0.5935,0.1595,0.169,0.078
max_combo,15500,0.3525,0.261,0.2145,0.172
random2,15500,0.4315,0.2945,0.188,0.086
v_table,15500,0.233,0.2305,0.238,0.2985
single_only,16000,0.5915,0.1495,0.1795,0.0795
max_combo,16000,0.3705,0.2425,0.2185,0.1685
random2,16000,0.446,0.289,0.181,0.084
v_table,16000,0.2715,0.2365,0.202,0.29
single_only,16500,0.589,0.153,0.176,0.082
max_combo,16500,0.348,0.278,0.22,0.154
random2,16500,0.418,0.324,0.188,0.07
v_table,16500,0.2335,0.231,0.2365,0.299
single_only,17000,0.577,0.159,0.1745,0.0895
max_combo,17000,0.347,0.286,0.22,0.147
random2,17000,0.388,0.332,0.2005,0.0795
v_table,17000,0.221,0.236,0.231,0.312
single_only,17500,0.5985,0.1535,0.1735,0.0745
max_combo,17500,0.38,0.2325,0.233,0.1545
random2,17500,0.4255,0.307,0.187,0.0805
v_table,17500,0.2665,0.2305,0.213,0.29
single_only,18000,0.623,0.1525,0.151,0.0735
max_combo,18000,0.3605,0.253,0.205,0.1815
random2,18000,0.429,0.3085,0.186,0.0765
v_table,18000,0.252,0.2315,0.232,0.2845
single_only,18500,0.5945,0.157,0.177,0.0715
max_combo,18500,0.388,0.2515,0.215,0.1455
random2,18500,0.4245,0.3085,0.185,0.082
v_table,18500,0.242,0.2405,0.2315,0.286
single_only,19000,0.628,0.152,0.1555,0.0645
max_combo,19000,0.3745,0.237,0.227,0.1615
random2,19000,0.4265,0.31,0.187,0.0765
v_table,19000,0.24,0.2165,0.2425,0.301
single_only,19500,0.589,0.142,0.181,0.088
max_combo,19500,0.3875,0.2405,0.218,0.154
random2,19500,0.433,0.297,0.19,0.08
v_table,19500,0.2715,0.214,0.226,0.2885
single_only,20000,0.6235,0.139,0.1585,0.079
max_combo,20000,0.376,0.2565,0.2035,0.164
random2,20000,0.445,0.2945,0.181,0.0795
v_table,20000,0.2595,0.2455,0.2195,0.2755
