opponent,episode,p0,p1,p2,p3
single_only,500,0.269,0.2835,0.2815,0.166
max_combo,500,0.092,0.1515,0.2725,0.484
random2,500,0.3675,0.286,0.214,0.1325
single_only,1000,0.352,0.289,0.226,0.133
max_combo,1000,0.1425,0.197,0.262,0.3985
random2,1000,0.416,0.2785,0.1945,0.111
single_only,1500,0.625,0.1785,0.12,0.0765
max_combo,1500,0.187,0.231,0.22,0.362
random2,1500,0.598,0.2285,0.12,0.0535
single_only,2000,0.655,0.2415,0.0785,0.025
max_combo,2000,0.192,0.2195,0.215,0.3735
random2,2000,0.628,0.23,0.0915,0.0505
single_only,2500,0.6725,0.265,0.0455,0.017
max_combo,2500,0.1975,0.2375,0.239,0.326
random2,2500,0.672,0.219,0.0745,0.0345
single_only,3000,0.809,0.1375,0.036,0.0175
max_combo,3000,0.255,0.242,0.248,0.255
random2,3000,0.727,0.187,0.061,0.025
single_only,3500,0.7685,0.1615,0.049,0.021
max_combo,3500,0.2215,0.259,0.2205,0.299
random2,3500,0.6865,0.2075,0.0695,0.0365
single_only,4000,0.6515,0.251,0.0715,0.026
max_combo,4000,0.2425,0.2685,0.2265,0.2625
random2,4000,0.66,0.2375,0.064,0.0385
single_only,4500,0.721,0.178,0.07,0.031
max_combo,4500,0.231,0.2715,0.248,0.2495
random2,4500,0.6785,0.2165,0.0805,0.0245
single_only,5000,0.583,0.273,0.1065,0.0375
max_combo,5000,0.278,0.284,0.2345,0.2035
random2,5000,0.713,0.214,0.056,0.017
single_only,5500,0.657,0.197,0.1005,0.0455
max_combo,5500,0.296,0.298,0.223,0.183
random2,5500,0.737,0.1915,0.0535,0.018
single_only,6000,0.7145,0.1845,0.072,0.029
max_combo,6000,0.3345,0.2705,0.222,0.173
random2,6000,0.7525,0.182,0.0475,0.018
single_only,6500,0.704,0.178,0.0815,0.0365
max_combo,6500,0.3635,0.24,0.2025,0.194
random2,6500,0.7665,0.168,0.046,0.0195
single_only,7000,0.6825,0.173,0.1015,0.043
max_combo,7000,0.3545,0.273,0.1935,0.179
random2,7000,0.778,0.158,0.048,0.016
single_only,7500,0.742,0.1695,0.062,0.0265
max_combo,7500,0.3915,0.268,0.19,0.1505
random2,7500,0.7945,0.1575,0.0365,0.0115
single_only,8000,0.667,0.2275,0.074,0.0315
max_combo,8000,0.368,0.2665,0.212,0.1535
random2,8000,0.795,0.163,0.029,0.013
single_only,8500,0.66,0.236,0.079,0.025
max_combo,8500,0.393,0.2695,0.1895,0.148
random2,8500,0.8015,0.1545,0.029,0.015
single_only,9000,0.671,0.2345,0.072,0.0225
max_combo,9000,0.382,0.276,0.2015,0.1405
random2,9000,0.828,0.1355,0.028,0.0085
single_only,9500,0.647,0.2195,0.0995,0.034
max_combo,9500,0.419,0.2515,0.1805,0.149
random2,9500,0.7995,0.1465,0.044,0.01
single_only,10000,0.7445,0.162,0.072,0.0215
max_combo,10000,0.4145,0.2695,0.179,0.137
random2,10000,0.8165,0.1415,0.035,0.007
single_only,10500,0.744,0.1575,0.0665,0.032
max_combo,10500,0.4245,0.247,0.1755,0.153
random2,10500,0.837,0.1165,0.034,0.0125
single_only,11000,0.7765,0.123,0.0755,0.025
max_combo,11000,0.411,0.287,0.1615,0.1405
random2,11000,0.84,0.119,0.0285,0.0125
single_only,11500,0.7645,0.1555,0.0585,0.0215
max_combo,11500,0.4185,0.266,0.181,0.1345
random2,11500,0.8475,0.12,0.027,0.0055
single_only,12000,0.793,0.11,0.0645,0.0325
max_combo,12000,0.385,0.2895,0.183,0.1425
random2,12000,0.827,0.1255,0.037,0.0105
single_only,12500,0.79,0.1455,0.046,0.0185
max_combo,12500,0.3935,0.25,0.1955,0.161
random2,12500,0.8255,0.1315,0.034,0.009
single_only,13000,0.7465,0.182,0.0505,0.021
max_combo,13000,0.3945,0.3025,0.1635,0.1395
random2,13000,0.811,0.1485,0.027,0.0135
single_only,13500,0.7395,0.16,0.062,0.0385
max_combo,13500,0.4055,0.248,0.181,0.1655
random2,13500,0.818,0.137,0.031,0.014
single_only,14000,0.8025,0.111,0.056,0.0305
max_combo,14000,0.419,0.2475,0.1695,0.164
random2,14000,0.8225,0.134,0.03,0.0135
single_only,14500,0.8125,0.118,0.045,0.0245
max_combo,14500,0.414,0.2585,0.1635,0.164
random2,14500,0.8275,0.1285,0.0335,0.0105
single_only,15000,0.759,0.1435,0.0635,0.034
max_combo,15000,0.4185,0.245,0.167,0.1695
random2,15000,0.8225,0.124,0.036,0.0175
single_only,15500,0.778,0.132,0.0635,0.0265
max_combo,15500,0.396,0.264,0.164,0.176
random2,15500,0.82,0.146,0.028,0.006
single_only,16000,0.737,0.174,0.065,0.024
max_combo,16000,0.3835,0.2825,0.1735,0.1605
random2,16000,0.836,0.125,0.0315,0.0075
single_only,16500,0.7605,0.1535,0.06,0.026
max_combo,16500,0.418,0.243,0.1775,0.1615
random2,16500,0.822,0.1365,0.0275,0.014
single_only,17000,0.777,0.1355,0.0575,0.03
max_combo,17000,0.4075,0.2525,0.173,0.167
random2,17000,0.8105,0.1395,0.0355,0.0145
single_only,17500,0.7355,0.167,0.076,0.0215
max_combo,17500,0.409,0.2535,0.177,0.1605
random2,17500,0.8425,0.121,0.026,0.0105
single_only,18000,0.7225,0.18,0.0715,0.026
max_combo,18000,0.425,0.237,0.1655,0.1725
random2,18000,0.839,0.1255,0.026,0.0095
single_only,18500,0.7215,0.178,0.0745,0.026
max_combo,18500,0.44,0.2385,0.1745,0.147
random2,18500,0.859,0.107,0.0295,0.0045
single_only,19000,0.721,0.188,0.064,0.027
max_combo,19000,0.4125,0.231,0.1765,0.18
random2,19000,0.824,0.132,0.034,0.01
single_only,19500,0.72,0.167,0.0755,0.0375
max_combo,19500,0.388,0.252,0.1865,0.1735
random2,19500,0.832,0.133,0.0275,0.0075
single_only,20000,0.79,0.1295,0.0545,0.026
max_combo,20000,0.4295,0.2245,0.1785,0.1675
random2,20000,0.8395,0.1215,0.026,0.013
