opponent,episode,p0,p1,p2,p3
single_only,10000,0.8465,0.103,0.036,0.0145
max_combo,10000,0.236,0.2585,0.2635,0.242
random2,10000,0.6575,0.211,0.0805,0.051
single_only,20000,0.862,0.083,0.0315,0.0235
max_combo,20000,0.3145,0.2715,0.229,0.185
random2,20000,0.6825,0.222,0.06,0.0355
single_only,30000,0.837,0.124,0.027,0.012
max_combo,30000,0.3135,0.2625,0.237,0.187
random2,30000,0.7155,0.1985,0.0625,0.0235
single_only,40000,0.863,0.1095,0.022,0.0055
max_combo,40000,0.36,0.2885,0.219,0.1325
random2,40000,0.776,0.177,0.0405,0.0065
single_only,50000,0.7365,0.2095,0.051,0.003
max_combo,50000,0.379,0.3325,0.1955,0.093
random2,50000,0.747,0.207,0.0405,0.0055
single_only,60000,0.8585,0.097,0.0375,0.007
max_combo,60000,0.3775,0.3105,0.191,0.121
random2,60000,0.7735,0.17,0.041,0.0155
single_only,70000,0.763,0.162,0.0655,0.0095
max_combo,70000,0.3555,0.3385,0.213,0.093
random2,70000,0.751,0.2,0.0405,0.0085
single_only,80000,0.692,0.246,0.053,0.009
max_combo,80000,0.3935,0.34,0.182,0.0845
random2,80000,0.7705,0.2005,0.025,0.004
single_only,90000,0.834,0.1115,0.049,0.0055
max_combo,90000,0.407,0.3155,0.2,0.0775
random2,90000,0.7455,0.2035,0.0425,0.0085
single_only,100000,0.8,0.138,0.057,0.005
max_combo,100000,0.3935,0.312,0.1965,0.098
random2,100000,0.778,0.182,0.0355,0.0045
single_only,110000,0.8505,0.1105,0.0345,0.0045
max_combo,110000,0.408,0.3105,0.1815,0.1
random2,110000,0.787,0.1745,0.033,0.0055
single_only,120000,0.742,0.1715,0.0715,0.015
max_combo,120000,0.411,0.3215,0.1755,0.092
random2,120000,0.751,0.1985,0.0415,0.009
single_only,130000,0.783,0.1455,0.0625,0.009
max_combo,130000,0.412,0.3235,0.188,0.0765
random2,130000,0.7895,0.1725,0.032,0.006
single_only,140000,0.787,0.1485,0.055,0.0095
max_combo,140000,0.44,0.3175,0.166,0.0765
random2,140000,0.7865,0.1785,0.029,0.006
single_only,150000,0.803,0.117,0.0685,0.0115
max_combo,150000,0.422,0.316,0.18,0.082
random2,150000,0.7775,0.174,0.0415,0.007
single_only,160000,0.7315,0.1605,0.1,0.008
max_combo,160000,0.41,0.3145,0.1865,0.089
random2,160000,0.7515,0.1915,0.052,0.005
single_only,170000,0.771,0.154,0.0665,0.0085
max_combo,170000,0.439,0.323,0.1655,0.0725
random2,170000,0.761,0.19,0.0425,0.0065
single_only,180000,0.7865,0.157,0.0515,0.005
max_combo,180000,0.4705,0.277,0.163,0.0895
random2,180000,0.8005,0.1585,0.0345,0.0065
single_only,190000,0.7945,0.1405,0.057,0.008
max_combo,190000,0.4145,0.3395,0.162,0.084
random2,190000,0.7645,0.176,0.0535,0.006
single_only,200000,0.7665,0.165,0.063,0.0055
max_combo,200000,0.4615,0.309,0.1595,0.07
random2,200000,0.8,0.1555,0.039,0.0055
single_only,210000,0.778,0.1405,0.0705,0.011
max_combo,210000,0.4305,0.3045,0.184,0.081
random2,210000,0.8035,0.1565,0.03,0.01
single_only,220000,0.742,0.1675,0.0765,0.014
max_combo,220000,0.4245,0.3205,0.1675,0.0875
random2,220000,0.774,0.172,0.0445,0.0095
single_only,230000,0.786,0.1435,0.0615,0.009
max_combo,230000,0.438,0.3135,0.169,0.0795
random2,230000,0.8005,0.1625,0.032,0.005
single_only,240000,0.7255,0.171,0.0975,0.006
max_combo,240000,0.4235,0.3275,0.175,0.074
random2,240000,0.763,0.2,0.0345,0.0025
single_only,250000,0.753,0.1635,0.075,0.0085
max_combo,250000,0.4405,0.3115,0.176,0.072
random2,250000,0.781,0.1775,0.0345,0.007
single_only,260000,0.7545,0.134,0.0935,0.018
max_combo,260000,0.4315,0.3155,0.1805,0.0725
random2,260000,0.7505,0.185,0.06,0.0045
single_only,270000,0.7365,0.1165,0.135,0.012
max_combo,270000,0.447,0.3115,0.1775,0.064
random2,270000,0.725,0.2055,0.059,0.0105
single_only,280000,0.7825,0.1445,0.061,0.012
max_combo,280000,0.4545,0.3215,0.161,0.063
random2,280000,0.8105,0.154,0.032,0.0035
single_only,290000,0.773,0.1355,0.0755,0.016
max_combo,290000,0.4215,0.315,0.1865,0.077
random2,290000,0.7775,0.179,0.0385,0.005
single_only,300000,0.7905,0.1005,0.085,0.024
max_combo,300000,0.4345,0.3265,0.1705,0.0685
random2,300000,0.779,0.175,0.0395,0.0065
single_only,310000,0.7345,0.1495,0.106,0.01
max_combo,310000,0.458,0.323,0.1555,0.0635
random2,310000,0.794,0.1705,0.0315,0.004
single_only,320000,0.754,0.1685,0.069,0.0085
max_combo,320000,0.47,0.3145,0.16,0.0555
random2,320000,0.7725,0.1825,0.043,0.002
single_only,330000,0.758,0.1395,0.0875,0.015
max_combo,330000,0.4475,0.3185,0.1665,0.0675
random2,330000,0.7655,0.1835,0.044,0.007
single_only,340000,0.7825,0.128,0.0755,0.014
max_combo,340000,0.46,0.301,0.174,0.065
random2,340000,0.7905,0.1635,0.0365,0.0095
single_only,350000,0.7885,0.125,0.0745,0.012
max_combo,350000,0.46,0.3215,0.146,0.0725
random2,350000,0.7865,0.1695,0.037,0.007
single_only,360000,0.726,0.174,0.091,0.009
max_combo,360000,0.4155,0.3565,0.1715,0.0565
random2,360000,0.7395,0.1995,0.053,0.008
single_only,370000,0.766,0.1545,0.069,0.0105
max_combo,370000,0.4865,0.3035,0.144,0.066
random2,370000,0.789,0.1665,0.042,0.0025
single_only,380000,0.785,0.132,0.0705,0.0125
max_combo,380000,0.4865,0.2915,0.1465,0.0755
random2,380000,0.77,0.175,0.0505,0.0045
single_only,390000,0.776,0.1475,0.07,0.0065
max_combo,390000,0.4885,0.312,0.1375,0.062
random2,390000,0.7905,0.1725,0.0305,0.0065
single_only,400000,0.769,0.1535,0.0715,0.006
max_combo,400000,0.4695,0.317,0.1515,0.062
random2,400000,0.8005,0.159,0.035,0.0055
single_only,410000,0.7775,0.132,0.08,0.0105
max_combo,410000,0.4545,0.301,0.1645,0.08
random2,410000,0.764,0.18,0.045,0.011
single_only,420000,0.7915,0.13,0.0715,0.007
max_combo,420000,0.505,0.29,0.1385,0.0665
random2,420000,0.7865,0.1635,0.0415,0.0085
single_only,430000,0.81,0.13,0.05,0.01
max_combo,430000,0.479,0.303,0.1415,0.0765
random2,430000,0.8135,0.147,0.035,0.0045
single_only,440000,0.811,0.111,0.071,0.007
max_combo,440000,0.4835,0.305,0.1425,0.069
random2,440000,0.761,0.191,0.0395,0.0085
single_only,450000,0.751,0.1615,0.081,0.0065
max_combo,450000,0.503,0.3065,0.1395,0.051
random2,450000,0.783,0.171,0.042,0.004
single_only,460000,0.7465,0.164,0.0815,0.008
max_combo,460000,0.5015,0.297,0.1445,0.057
random2,460000,0.798,0.163,0.0325,0.0065
single_only,470000,0.7385,0.136,0.115,0.0105
max_combo,470000,0.4535,0.334,0.1555,0.057
random2,470000,0.754,0.187,0.0535,0.0055
single_only,480000,0.766,0.1635,0.063,0.0075
max_combo,480000,0.5085,0.3105,0.1295,0.0515
random2,480000,0.777,0.177,0.0395,0.0065
single_only,490000,0.7505,0.15,0.0955,0.004
max_combo,490000,0.4645,0.3125,0.159,0.064
random2,490000,0.771,0.1765,0.046,0.0065
single_only,500000,0.757,0.1115,0.116,0.0155
max_combo,500000,0.4635,0.298,0.1695,0.069
random2,500000,0.743,0.175,0.066,0.016
